114
115
116
117
118
119
122
124
125
127
128
130
132
133
134
135
136
140
141
143
144
147
149
150
151
152
153
155
156
158
159
161
162
163
164
168
170
171
172
175
176
177
184
185
186
191
192
193
194
196
198
199
200
201
205
209
210
211
212
213
214
215
217
220
223
224
225
226
227
228
231
232
233
234
235
236
237
238
239
240
241
243
244
245
246
248
253
258
260
261
262
263
264
266
267
268
269
270
271
272
273
274
275
276
277
279
280
281
282
283
285
286
288
290
291
292
293
294
295
302
303
305
307
308
310
312
313
314
315
316
326
328
333
336
338
340
341
342
343
344
345
346
347
348
349
350
351
352
353
354
356
357
358
359
360
361
363
364
367
369
372
375
382
383
384
385
386
387
388
389
390
391
392
393
395
396
397
399
402
404
413
417
418
